    1   'Adbar'    0.161300    0.006549
    2   'Adv'    1.000000    0.000000
    3   'Ag'    1.000000    0.000000
    4   'Agp'    0.167637    0.153896
    5   'Aubar'    0.000000    0.000000
    6   'Auv'    1.000000    0.000000
    7   'Bdbar'   -0.127280    0.005083
    8   'Bdv'    1.029781    0.087306
    9   'Bg'   -0.063432    0.079846
   10   'Bgp'   -0.383096    0.067331
   11   'Bubar'    0.000000    0.000000
   12   'Buv'    0.810554    0.026583
   13   'Cdbar'    9.585723    1.988819
   14   'Cdv'    4.845420    0.389368
   15   'Cg'    5.547793    0.612052
   16   'Cgp'   25.000000    0.000000
   17   'Cubar'    7.041509    2.176642
   18   'Cuv'    4.823213    0.084724
   19   'DbarToS'    1.000000    0.000000
   20   'Dubar'    1.515688    2.920839
   21   'Duv'    0.000000    0.000000
   22   'Euv'    9.914573    1.352356
   23   'ZERO'    0.000000    0.000000
   24   'fs'    0.400000    0.000000
