    1   'Adbar'    0.161794    0.008486
    2   'Adv'    1.000000    0.000000
    3   'Ag'    1.000000    0.000000
    4   'Aubar'    0.000000    0.000000
    5   'Auv'    1.000000    0.000000
    6   'Bdbar'   -0.126964    0.006006
    7   'Bdv'    0.722764    0.105792
    8   'Bg'    0.178739    0.026942
    9   'Bubar'    0.000000    0.000000
   10   'Buv'    0.847324    0.042768
   11   'Cdbar'    3.368151    0.711495
   12   'Cdv'    4.306797    0.378849
   13   'Cg'    9.989525    1.633831
   14   'Cubar'    6.887800    3.149672
   15   'Cuv'    4.866867    0.089398
   16   'DbarToS'    1.000000    0.000000
   17   'Dg'    1.962684    3.314651
   18   'Dubar'   -0.514435    2.194583
   19   'Duv'    0.000000    0.000000
   20   'Euv'    8.501367    1.631696
   21   'ZERO'    0.000000    0.000000
   22   'fs'    0.400000    0.000000
