    1   'Adbar'    0.161794    0.006703
    2   'Adv'    1.000000    0.000000
    3   'Ag'    1.000000    0.000000
    4   'Aubar'    0.000000    0.000000
    5   'Auv'    1.000000    0.000000
    6   'Bdbar'   -0.126964    0.004871
    7   'Bdv'    0.722764    0.075020
    8   'Bg'    0.178739    0.024858
    9   'Bubar'    0.000000    0.000000
   10   'Buv'    0.847324    0.031476
   11   'Cdbar'    3.368151    0.554428
   12   'Cdv'    4.306797    0.354898
   13   'Cg'    9.989525    1.409556
   14   'Cubar'    6.887800    2.069112
   15   'Cuv'    4.866867    0.088704
   16   'DbarToS'    1.000000    0.000000
   17   'Dg'    1.962684    2.431595
   18   'Dubar'   -0.514435    1.780035
   19   'Duv'    0.000000    0.000000
   20   'Euv'    8.501367    1.404499
   21   'ZERO'    0.000000    0.000000
   22   'fs'    0.400000    0.000000
