    1   'Adbar'    0.157215    0.006379
    2   'Adv'    1.000000    0.000000
    3   'Ag'    1.000000    0.000000
    4   'Agp'    0.156379    0.146503
    5   'Aubar'    0.000000    0.000000
    6   'Auv'    1.000000    0.000000
    7   'Bdbar'   -0.130108    0.004895
    8   'Bdv'    0.706749    0.066007
    9   'Bg'   -0.025910    0.082602
   10   'Bgp'   -0.375430    0.066650
   11   'Bubar'    0.000000    0.000000
   12   'Buv'    0.829214    0.027122
   13   'Cdbar'    3.314259    0.531929
   14   'Cdv'    4.301466    0.346712
   15   'Cg'    6.896266    0.595128
   16   'Cgp'   25.000000    0.000000
   17   'Cubar'    7.793797    1.996585
   18   'Cuv'    4.844295    0.081877
   19   'DbarToS'    1.000000    0.000000
   20   'Dubar'    0.699428    1.935705
   21   'Duv'    0.000000    0.000000
   22   'Euv'    8.753513    1.228103
   23   'ZERO'    0.000000    0.000000
   24   'fs'    0.400000    0.000000
