    1   'Adbar'    0.157215    0.006557
    2   'Adv'    1.000000    0.000000
    3   'Ag'    1.000000    0.000000
    4   'Agp'    0.156379    0.128832
    5   'Aubar'    0.000000    0.000000
    6   'Auv'    1.000000    0.000000
    7   'Bdbar'   -0.130108    0.005015
    8   'Bdv'    0.706749    0.067743
    9   'Bg'   -0.025910    0.071830
   10   'Bgp'   -0.375430    0.062595
   11   'Bubar'    0.000000    0.000000
   12   'Buv'    0.829214    0.028518
   13   'Cdbar'    3.314259    0.553877
   14   'Cdv'    4.301466    0.349933
   15   'Cg'    6.896266    0.582607
   16   'Cgp'   25.000000    0.000000
   17   'Cubar'    7.793797    2.170653
   18   'Cuv'    4.844295    0.082758
   19   'DbarToS'    1.000000    0.000000
   20   'Dubar'    0.699428    2.064135
   21   'Duv'    0.000000    0.000000
   22   'Euv'    8.753513    1.266098
   23   'ZERO'    0.000000    0.000000
   24   'fs'    0.400000    0.000000
