#labels: abs_yj1_var_lower[1] abs_yj1_var_center[2] abs_yj1_var_upper[3] tot_scale01[4] tot_scale01_Err[5] tot_scale02[6] tot_scale02_Err[7] tot_scale03[8] tot_scale03_Err[9]
#neval: 6000000000
#overflow:lower center upper 0.00000000000E+00 0.00000000000E+00 0.00000000000E+00 0.00000000000E+00 0.00000000000E+00 0.00000000000E+00 
0.00000000000E+00 5.00000000000E-02 1.00000000000E-01 1.10721405099E+05 2.45795115134E+01 1.18349624569E+05 2.59521338121E+01 1.03207998932E+05 2.31513159547E+01 
1.00000000000E-01 1.50000000000E-01 2.00000000000E-01 1.10503091157E+05 2.46280797315E+01 1.18116511421E+05 2.60045495176E+01 1.03004636869E+05 2.31962424271E+01 
2.00000000000E-01 2.50000000000E-01 3.00000000000E-01 1.09966626820E+05 2.44563363148E+01 1.17545046691E+05 2.58231778398E+01 1.02503727073E+05 2.30346354905E+01 
3.00000000000E-01 3.50000000000E-01 4.00000000000E-01 1.09188988012E+05 2.43876311794E+01 1.16714654444E+05 2.57484917693E+01 1.01779191174E+05 2.29717489373E+01 
4.00000000000E-01 4.50000000000E-01 5.00000000000E-01 1.08197720101E+05 2.42596805120E+01 1.15656865414E+05 2.56125296841E+01 1.00855065020E+05 2.28521375717E+01 
5.00000000000E-01 5.50000000000E-01 6.00000000000E-01 1.06898190867E+05 2.41633290256E+01 1.14271795483E+05 2.55065727211E+01 9.96422000939E+04 2.27649986083E+01 
6.00000000000E-01 6.50000000000E-01 7.00000000000E-01 1.05348179305E+05 2.39565996614E+01 1.12620430662E+05 2.52889717110E+01 9.81950068876E+04 2.25701374695E+01 
7.00000000000E-01 7.50000000000E-01 8.00000000000E-01 1.03510753256E+05 2.37108360366E+01 1.10661501791E+05 2.50297863512E+01 9.64803460994E+04 2.23388503643E+01 
8.00000000000E-01 8.50000000000E-01 9.00000000000E-01 1.01521739967E+05 2.35126404535E+01 1.08540868243E+05 2.48171103155E+01 9.46242394061E+04 2.21552782843E+01 
9.00000000000E-01 9.50000000000E-01 1.00000000000E+00 9.92967750895E+04 2.33929278671E+01 1.06168954005E+05 2.46869079319E+01 9.25476059526E+04 2.20460480647E+01 
1.00000000000E+00 1.10000000000E+00 1.20000000000E+00 9.53783131810E+04 1.61679475273E+01 1.01994543275E+05 1.70610324896E+01 8.88877410397E+04 1.52386587612E+01 
1.20000000000E+00 1.25000000000E+00 1.30000000000E+00 9.10723408753E+04 2.22651709777E+01 9.74083825747E+04 2.34947205747E+01 8.48647785808E+04 2.09867994721E+01 
1.30000000000E+00 1.35000000000E+00 1.40000000000E+00 8.79663303505E+04 2.18515168974E+01 9.41000697686E+04 2.30590990604E+01 8.19626194845E+04 2.05968171400E+01 
1.40000000000E+00 1.45000000000E+00 1.50000000000E+00 8.46253465747E+04 2.14930166709E+01 9.05428736525E+04 2.26762110419E+01 7.88396795910E+04 2.02632112457E+01 
1.50000000000E+00 1.55000000000E+00 1.60000000000E+00 8.11150680175E+04 2.09999404809E+01 8.68062783059E+04 2.21583515869E+01 7.55575549567E+04 1.97972508938E+01 
1.60000000000E+00 1.65000000000E+00 1.70000000000E+00 7.74319154518E+04 2.05857333808E+01 8.28856711850E+04 2.17178618831E+01 7.21133595782E+04 1.94101199600E+01 
1.70000000000E+00 1.75000000000E+00 1.80000000000E+00 7.36368981244E+04 2.00639424318E+01 7.88476252235E+04 2.11693788040E+01 6.85630950896E+04 1.89172458843E+01 
1.80000000000E+00 1.85000000000E+00 1.90000000000E+00 6.97275186935E+04 1.95365180928E+01 7.46877296776E+04 2.06155968654E+01 6.49055421265E+04 1.84183780999E+01 
1.90000000000E+00 1.95000000000E+00 2.00000000000E+00 6.58253198062E+04 1.90461992820E+01 7.05346308156E+04 2.00977742397E+01 6.12550643436E+04 1.79569099656E+01 
2.00000000000E+00 2.05000000000E+00 2.10000000000E+00 6.17055847481E+04 1.84959626392E+01 6.61510309247E+04 1.95189917019E+01 5.73999049799E+04 1.74370872871E+01 
2.10000000000E+00 2.15000000000E+00 2.20000000000E+00 5.76110279588E+04 1.80323823157E+01 6.17945587290E+04 1.90312241707E+01 5.35677586075E+04 1.69991968097E+01 
2.20000000000E+00 2.25000000000E+00 2.30000000000E+00 5.35574631211E+04 1.72944228808E+01 5.74807762479E+04 1.82631741708E+01 4.97742591135E+04 1.62951299750E+01 
2.30000000000E+00 2.35000000000E+00 2.40000000000E+00 4.94865366494E+04 1.67592677074E+01 5.31474328004E+04 1.77037305113E+01 4.59650217836E+04 1.57865374567E+01 
2.40000000000E+00 2.45000000000E+00 2.50000000000E+00 4.55268972461E+04 1.60969133269E+01 4.89321024104E+04 1.70127142078E+01 4.22600052332E+04 1.51556303296E+01 
2.50000000000E+00 2.55000000000E+00 2.60000000000E+00 4.15929289002E+04 1.54819526645E+01 4.47434823861E+04 1.63721670076E+01 3.85793257143E+04 1.45690455402E+01 
2.60000000000E+00 2.65000000000E+00 2.70000000000E+00 3.77465581576E+04 1.47067626141E+01 4.06466543385E+04 1.55752925281E+01 3.49814798522E+04 1.38217989912E+01 
2.70000000000E+00 2.75000000000E+00 2.80000000000E+00 3.40451616686E+04 1.40654830801E+01 3.67022510895E+04 1.49056081123E+01 3.15206497440E+04 1.32114719708E+01 
2.80000000000E+00 2.85000000000E+00 2.90000000000E+00 3.04579766614E+04 1.33077791463E+01 3.28785604138E+04 1.41227171102E+01 2.81673664906E+04 1.24839731673E+01 
2.90000000000E+00 2.95000000000E+00 3.00000000000E+00 2.70297201189E+04 1.25514329952E+01 2.92212361676E+04 1.33418109726E+01 2.49649091784E+04 1.17574469248E+01 
3.00000000000E+00 3.05000000000E+00 3.10000000000E+00 2.38169513130E+04 1.17116007592E+01 2.57915067141E+04 1.24755431729E+01 2.19655324081E+04 1.09505830842E+01 
3.10000000000E+00 3.15000000000E+00 3.20000000000E+00 2.07654065673E+04 1.09798728356E+01 2.25297608882E+04 1.17185341230E+01 1.91198168932E+04 1.02491428657E+01 
3.20000000000E+00 3.25000000000E+00 3.30000000000E+00 1.79515479932E+04 1.02195123214E+01 1.95181253390E+04 1.09330069130E+01 1.64987525548E+04 9.51952297994E+00 
3.30000000000E+00 3.35000000000E+00 3.40000000000E+00 1.53555715520E+04 9.40055258846E+00 1.67354245426E+04 1.00860451245E+01 1.40839238438E+04 8.73478811266E+00 
3.40000000000E+00 3.45000000000E+00 3.50000000000E+00 1.30044277456E+04 8.67929177740E+00 1.42103952150E+04 9.33828292287E+00 1.19004218712E+04 8.04505775776E+00 
3.50000000000E+00 3.55000000000E+00 3.60000000000E+00 1.08547791727E+04 7.97506216045E+00 1.18962995623E+04 8.60505234623E+00 9.90813663073E+03 7.37407227880E+00 
3.60000000000E+00 3.65000000000E+00 3.70000000000E+00 8.98603503420E+03 7.18290373788E+00 9.87970554345E+03 7.78172261073E+00 8.17982243875E+03 6.61856205068E+00 
3.70000000000E+00 3.75000000000E+00 3.80000000000E+00 7.29002953878E+03 6.51215027970E+00 8.04390188235E+03 7.08051238420E+00 6.61540057454E+03 5.98174965860E+00 
3.80000000000E+00 3.85000000000E+00 3.90000000000E+00 5.85030840470E+03 5.81817602712E+00 6.48017910160E+03 6.35256843816E+00 5.29126851032E+03 5.32502816588E+00 
3.90000000000E+00 3.95000000000E+00 4.00000000000E+00 4.60728275309E+03 5.15077371875E+00 5.12567610245E+03 5.65008235679E+00 4.15127578612E+03 4.69529721854E+00 
4.00000000000E+00 4.10000000000E+00 4.20000000000E+00 3.12292869434E+03 2.98599412423E+00 3.49897999400E+03 3.29922265194E+00 2.79667821799E+03 2.70508279072E+00 
4.20000000000E+00 4.30000000000E+00 4.40000000000E+00 1.68982308181E+03 2.15979200091E+00 1.91547635038E+03 2.41449292932E+00 1.49819160680E+03 1.93705669962E+00 
#nx: 3
