#labels: ptw_var_lower[1] ptw_var_center[2] ptw_var_upper[3] tot_scale01[4] tot_scale01_Err[5] tot_scale02[6] tot_scale02_Err[7] tot_scale03[8] tot_scale03_Err[9]
#neval: 6000000000
#overflow:lower center upper 2.80649276141E+00 2.57354832543E-04 3.86310901090E+00 3.50434712130E-04 2.10574931022E+00 1.94895912520E-04 
0.00000000000E+00 1.25000000000E+01 2.50000000000E+01 0.00000000000E+00 0.00000000000E+00 0.00000000000E+00 0.00000000000E+00 0.00000000000E+00 0.00000000000E+00 
2.50000000000E+01 3.75000000000E+01 5.00000000000E+01 6.12441852355E+03 4.18571729118E-01 6.47664925757E+03 4.40356802881E-01 5.76122019886E+03 3.95517957000E-01 
5.00000000000E+01 6.25000000000E+01 7.50000000000E+01 2.17491868495E+03 1.66049737680E-01 2.34569075333E+03 1.78475961910E-01 2.01126228708E+03 1.53993189747E-01 
7.50000000000E+01 8.75000000000E+01 1.00000000000E+02 7.97248262959E+02 7.55269362859E-02 8.76752042158E+02 8.27233312206E-02 7.24991224478E+02 6.89090846156E-02 
1.00000000000E+02 1.12500000000E+02 1.25000000000E+02 3.52328756610E+02 3.87547058647E-02 3.94054443695E+02 4.31504703433E-02 3.15796042180E+02 3.48629085388E-02 
1.25000000000E+02 1.37500000000E+02 1.50000000000E+02 1.73698519576E+02 2.12534735989E-02 1.97179722209E+02 2.40115208320E-02 1.53720150250E+02 1.88819741454E-02 
1.50000000000E+02 1.62500000000E+02 1.75000000000E+02 9.25526976831E+01 1.22990374823E-02 1.06467615783E+02 1.40767923811E-02 8.09843511736E+01 1.08059904901E-02 
1.75000000000E+02 1.87500000000E+02 2.00000000000E+02 5.23663285233E+01 7.30831269221E-03 6.09650095102E+01 8.46386924903E-03 4.53549700366E+01 6.35684189736E-03 
2.00000000000E+02 2.25000000000E+02 2.50000000000E+02 2.51246224686E+01 2.65317794413E-03 2.96848175870E+01 3.11480243200E-03 2.14888922371E+01 2.28120347288E-03 
2.50000000000E+02 2.75000000000E+02 3.00000000000E+02 1.01256034870E+01 1.10475595186E-03 1.21911486691E+01 1.32192411547E-03 8.52212899375E+00 9.34579209993E-04 
3.00000000000E+02 3.25000000000E+02 3.50000000000E+02 4.53928041307E+00 5.06684168785E-04 5.55510916864E+00 6.16284330414E-04 3.76766172260E+00 4.22713841711E-04 
3.50000000000E+02 3.75000000000E+02 4.00000000000E+02 2.20321760424E+00 2.44894641941E-04 2.73533495250E+00 3.02451395181E-04 1.80637751120E+00 2.01675688248E-04 
4.00000000000E+02 4.25000000000E+02 4.50000000000E+02 1.13662544438E+00 1.33628219855E-04 1.42945355527E+00 1.67180191288E-04 9.21684882844E-01 1.08842104857E-04 
4.50000000000E+02 4.75000000000E+02 5.00000000000E+02 6.15911403186E-01 7.55446937457E-05 7.83721796823E-01 9.56599661914E-05 4.94452491880E-01 6.09026670575E-05 
5.00000000000E+02 5.50000000000E+02 6.00000000000E+02 2.74667260337E-01 2.63441289945E-05 3.54598413570E-01 3.38112384898E-05 2.17783053560E-01 2.09953709172E-05 
6.00000000000E+02 7.00000000000E+02 8.00000000000E+02 6.76167057777E-02 5.59057853112E-06 8.94099866812E-02 7.33842378207E-06 5.25189033550E-02 4.37035843371E-06 
#nx: 3
