#labels: ptw_var_lower[1] ptw_var_center[2] ptw_var_upper[3] tot_scale01[4] tot_scale01_Err[5] tot_scale02[6] tot_scale02_Err[7] tot_scale03[8] tot_scale03_Err[9]
#neval: 120000000
#overflow:lower center upper -6.22365141400E-01 8.96216843355E-03 -2.20229234835E+00 1.40248029556E-02 1.34726156105E-01 6.09848989378E-03 
0.00000000000E+00 1.25000000000E+01 2.50000000000E+01 2.07445777724E+03 3.52885873244E+00 2.57447206665E+03 4.40221086781E+00 1.69592098270E+03 2.87613416409E+00 
2.50000000000E+01 3.75000000000E+01 5.00000000000E+01 4.42806754640E+02 9.90843773815E+00 1.60641167190E+02 1.18752213216E+01 7.46816352990E+02 8.38112933530E+00 
5.00000000000E+01 6.25000000000E+01 7.50000000000E+01 9.64363759356E+02 3.40914732762E+00 1.00994918660E+03 4.21351848722E+00 9.54588130499E+02 2.81600063911E+00 
7.50000000000E+01 8.75000000000E+01 1.00000000000E+02 3.79499725729E+02 1.75010068658E+00 3.98138602605E+02 2.18944222709E+00 3.72779974872E+02 1.42555437019E+00 
1.00000000000E+02 1.12500000000E+02 1.25000000000E+02 1.66401258041E+02 9.06195879153E-01 1.72395109027E+02 1.14970396421E+00 1.64421839727E+02 7.29480929290E-01 
1.25000000000E+02 1.37500000000E+02 1.50000000000E+02 8.20273310416E+01 5.29470633686E-01 8.38009553083E+01 6.81121742666E-01 8.14784266025E+01 4.21012159939E-01 
1.50000000000E+02 1.62500000000E+02 1.75000000000E+02 4.17331756056E+01 3.27560864347E-01 4.14339817575E+01 4.26565563650E-01 4.20921447196E+01 2.57620332201E-01 
1.75000000000E+02 1.87500000000E+02 2.00000000000E+02 2.24025254376E+01 2.09202635900E-01 2.14457521336E+01 2.75668994731E-01 2.30167984977E+01 1.62805578842E-01 
2.00000000000E+02 2.25000000000E+02 2.50000000000E+02 9.95158714714E+00 6.56819076739E-02 8.94627109598E+00 8.76306768609E-02 1.05255615018E+01 5.06512939068E-02 
2.50000000000E+02 2.75000000000E+02 3.00000000000E+02 3.52196705165E+00 2.68573182600E-02 2.77116809279E+00 3.67083800516E-02 3.92345750595E+00 2.03340452470E-02 
3.00000000000E+02 3.25000000000E+02 3.50000000000E+02 1.34491608305E+00 1.29518816131E-02 8.45293003330E-01 1.80399414101E-02 1.60883357449E+00 9.63583805942E-03 
3.50000000000E+02 3.75000000000E+02 4.00000000000E+02 5.26459148672E-01 7.30273928342E-03 1.96078198922E-01 1.03309211681E-02 6.99125731281E-01 5.35630782191E-03 
4.00000000000E+02 4.25000000000E+02 4.50000000000E+02 2.12933956802E-01 4.26849517158E-03 -1.92904031500E-03 6.12846706329E-03 3.24010720968E-01 3.09113042833E-03 
4.50000000000E+02 4.75000000000E+02 5.00000000000E+02 8.78963799160E-02 2.58112237627E-03 -5.06168153070E-02 3.75475204836E-03 1.58644832107E-01 1.84795353177E-03 
5.00000000000E+02 5.50000000000E+02 6.00000000000E+02 1.92494032466E-02 7.71171965871E-04 -5.81246917570E-02 1.14451099348E-03 5.84531967086E-02 5.43682371709E-04 
6.00000000000E+02 7.00000000000E+02 8.00000000000E+02 -2.10373661560E-03 1.76175709900E-04 -2.73897507520E-02 2.66916203893E-04 1.04185820395E-02 1.21950572212E-04 
#nx: 3
