#labels: ptw_var_lower[1] ptw_var_center[2] ptw_var_upper[3] tot_scale01[4] tot_scale01_Err[5] tot_scale02[6] tot_scale02_Err[7] tot_scale03[8] tot_scale03_Err[9]
#neval: 12664000000
#overflow:lower center upper 1.76283014769E+00 1.63555538431E-02 1.55148189836E+00 2.76344194446E-02 1.95923055061E+00 1.19818579964E-02 
0.00000000000E+00 1.25000000000E+01 2.50000000000E+01 2.53939979113E+03 6.10753983998E+00 2.63851124514E+03 8.26099172581E+00 2.37082953445E+03 4.64429290936E+00 
2.50000000000E+01 3.75000000000E+01 5.00000000000E+01 6.09529726894E+03 5.58945274735E+01 5.94431654717E+03 7.62507132399E+01 6.19134340266E+03 3.81724170091E+01 
5.00000000000E+01 6.25000000000E+01 7.50000000000E+01 3.23713900962E+03 1.97681194739E+01 3.22890561636E+03 2.69790916870E+01 3.18381110322E+03 9.93406368140E+00 
7.50000000000E+01 8.75000000000E+01 1.00000000000E+02 1.23805018823E+03 4.48557051084E+00 1.25182129591E+03 6.29925606570E+00 1.20988727039E+03 3.30708495446E+00 
1.00000000000E+02 1.12500000000E+02 1.25000000000E+02 5.38463563579E+02 3.02823027316E+00 5.36805497995E+02 3.37558404738E+00 5.25576766475E+02 1.75944569629E+00 
1.25000000000E+02 1.37500000000E+02 1.50000000000E+02 2.61776812253E+02 1.23576760831E+00 2.61494445472E+02 1.77688346659E+00 2.54522226953E+02 1.14944424949E+00 
1.50000000000E+02 1.62500000000E+02 1.75000000000E+02 1.35626730476E+02 8.33156728841E-01 1.32122306639E+02 1.06656278406E+00 1.32784987586E+02 5.72453493068E-01 
1.75000000000E+02 1.87500000000E+02 2.00000000000E+02 7.29777282306E+01 3.50021794409E-01 7.07350395547E+01 5.04891928280E-01 7.21477872293E+01 2.92574693357E-01 
2.00000000000E+02 2.25000000000E+02 2.50000000000E+02 3.34322201497E+01 1.31614624926E-01 3.19355030022E+01 1.88946061973E-01 3.33425316564E+01 8.94975303378E-02 
2.50000000000E+02 2.75000000000E+02 3.00000000000E+02 1.25915554642E+01 5.22576920203E-02 1.17087918825E+01 8.64873670359E-02 1.26927247277E+01 3.79772510266E-02 
3.00000000000E+02 3.25000000000E+02 3.50000000000E+02 5.29053324537E+00 2.89736883919E-02 4.80967749811E+00 4.68015785977E-02 5.37830509324E+00 1.97859610350E-02 
3.50000000000E+02 3.75000000000E+02 4.00000000000E+02 2.39471137275E+00 1.56414662160E-02 2.13612199645E+00 2.26286596180E-02 2.46308106893E+00 9.46019478291E-03 
4.00000000000E+02 4.25000000000E+02 4.50000000000E+02 1.16845647833E+00 9.64044760682E-03 1.02479494096E+00 1.50107117543E-02 1.21104620138E+00 6.47384858436E-03 
4.50000000000E+02 4.75000000000E+02 5.00000000000E+02 5.94367586498E-01 4.51698035713E-03 5.13733863479E-01 7.16059139066E-03 6.19769360255E-01 2.66587632068E-03 
5.00000000000E+02 5.50000000000E+02 6.00000000000E+02 2.41891567377E-01 2.08939299988E-03 2.00033583314E-01 3.00160935274E-03 2.57658063217E-01 1.36277996861E-03 
6.00000000000E+02 7.00000000000E+02 8.00000000000E+02 5.28191496944E-02 3.41618775203E-04 4.40069234409E-02 5.19920018358E-04 5.70551281635E-02 1.90395656323E-04 
#nx: 3
