#labels: abs_yj1_var_lower[1] abs_yj1_var_center[2] abs_yj1_var_upper[3] tot_scale01[4] tot_scale01_Err[5] tot_scale02[6] tot_scale02_Err[7] tot_scale03[8] tot_scale03_Err[9]
#neval: 60000000
#overflow:lower center upper 0.00000000000E+00 0.00000000000E+00 0.00000000000E+00 0.00000000000E+00 0.00000000000E+00 0.00000000000E+00 
0.00000000000E+00 5.00000000000E-02 1.00000000000E-01 1.20610950359E+03 5.46027302487E+02 1.29895473516E+03 6.58631253904E+02 1.01582078473E+03 4.57507811059E+02 
1.00000000000E-01 1.50000000000E-01 2.00000000000E-01 1.01206413555E+03 6.71660295056E+02 1.11275083073E+03 8.09519690168E+02 8.25400649841E+02 5.63067631585E+02 
2.00000000000E-01 2.50000000000E-01 3.00000000000E-01 1.35982735713E+03 6.81555972553E+02 1.53322620081E+03 8.21145581235E+02 1.11797728559E+03 5.71539604736E+02 
3.00000000000E-01 3.50000000000E-01 4.00000000000E-01 -4.16470485781E+02 6.66615533964E+02 -6.20825911752E+02 8.03464912118E+02 -3.61642872011E+02 5.58808471002E+02 
4.00000000000E-01 4.50000000000E-01 5.00000000000E-01 4.77620509897E+02 6.68213342295E+02 5.22567586532E+02 8.04699162572E+02 3.52851927828E+02 5.60580829666E+02 
5.00000000000E-01 5.50000000000E-01 6.00000000000E-01 2.06284506169E+03 6.92126272544E+02 2.46585656158E+03 8.33523847922E+02 1.66343441329E+03 5.80612908595E+02 
6.00000000000E-01 6.50000000000E-01 7.00000000000E-01 1.32277634545E+03 6.52752239111E+02 1.56893255284E+03 7.87154458237E+02 1.04793778824E+03 5.47039489645E+02 
7.00000000000E-01 7.50000000000E-01 8.00000000000E-01 2.59692504893E+02 6.56059280677E+02 3.81066467406E+02 7.90189791053E+02 1.06759105259E+02 5.50390332059E+02 
8.00000000000E-01 8.50000000000E-01 9.00000000000E-01 7.72638986998E+02 6.69940291375E+02 9.89178462802E+02 8.06275772904E+02 5.44831346257E+02 5.62406908821E+02 
9.00000000000E-01 9.50000000000E-01 1.00000000000E+00 7.20308083926E+02 6.58986686072E+02 9.74290879554E+02 7.93504409309E+02 4.78831634884E+02 5.52989970887E+02 
1.00000000000E+00 1.10000000000E+00 1.20000000000E+00 -1.17287862177E+02 3.64292197314E+02 5.12156525474E+01 4.39390832808E+02 -2.67091172974E+02 3.05330152234E+02 
1.20000000000E+00 1.25000000000E+00 1.30000000000E+00 -7.28016787081E+02 6.24335620197E+02 -5.89519719393E+02 7.51966205888E+02 -8.25029656879E+02 5.23876008275E+02 
1.30000000000E+00 1.35000000000E+00 1.40000000000E+00 -3.29355113850E+02 6.07457062026E+02 -1.32502301595E+02 7.32866182499E+02 -4.75155179342E+02 5.09102948045E+02 
1.40000000000E+00 1.45000000000E+00 1.50000000000E+00 4.95972334080E+02 6.01945541225E+02 9.61610118555E+02 7.27770424796E+02 1.63114004754E+02 5.03658010875E+02 
1.50000000000E+00 1.55000000000E+00 1.60000000000E+00 -6.40606037630E+02 6.08467027767E+02 -4.01752742339E+02 7.34528066819E+02 -7.87381968885E+02 5.09752187900E+02 
1.60000000000E+00 1.65000000000E+00 1.70000000000E+00 -1.26180451885E+03 6.02400725911E+02 -1.07409521318E+03 7.28624392783E+02 -1.34664600868E+03 5.03822046855E+02 
1.70000000000E+00 1.75000000000E+00 1.80000000000E+00 -5.70666820905E+02 5.76319755733E+02 -2.79415436320E+02 6.96434206117E+02 -7.39871684687E+02 4.82442042719E+02 
1.80000000000E+00 1.85000000000E+00 1.90000000000E+00 -1.62019980106E+03 5.62363347547E+02 -1.49206642616E+03 6.79714494011E+02 -1.64550100682E+03 4.70654691903E+02 
1.90000000000E+00 1.95000000000E+00 2.00000000000E+00 -1.83805068425E+03 5.48769640280E+02 -1.71182336550E+03 6.63254801629E+02 -1.85042134949E+03 4.59324867317E+02 
2.00000000000E+00 2.05000000000E+00 2.10000000000E+00 -1.22695053815E+03 5.12214606747E+02 -9.81673867310E+02 6.19706140483E+02 -1.32829148660E+03 4.28459849029E+02 
2.10000000000E+00 2.15000000000E+00 2.20000000000E+00 -1.44948296143E+03 5.18584495111E+02 -1.16336305845E+03 6.27047054053E+02 -1.55719314099E+03 4.34044950941E+02 
2.20000000000E+00 2.25000000000E+00 2.30000000000E+00 -9.50125133037E+02 5.06083958787E+02 -6.27330406106E+02 6.11733536464E+02 -1.10074412430E+03 4.23668700221E+02 
2.30000000000E+00 2.35000000000E+00 2.40000000000E+00 -1.92334063210E+03 4.99750238537E+02 -1.73439797041E+03 6.04995527862E+02 -1.94907354777E+03 4.17785368321E+02 
2.40000000000E+00 2.45000000000E+00 2.50000000000E+00 -1.06780573323E+03 4.83198408070E+02 -7.10630856696E+02 5.85908853118E+02 -1.22513792246E+03 4.03440073627E+02 
2.50000000000E+00 2.55000000000E+00 2.60000000000E+00 -1.40956771131E+03 4.81973858334E+02 -1.55704309828E+03 5.93056249811E+02 -1.46536972654E+03 4.02020980162E+02 
2.60000000000E+00 2.65000000000E+00 2.70000000000E+00 -3.77261739604E+02 4.74858147092E+02 1.79157720129E+02 5.70074777324E+02 -5.26254887403E+02 3.92080020422E+02 
2.70000000000E+00 2.75000000000E+00 2.80000000000E+00 -1.37535576025E+03 4.36639739142E+02 -1.14983354219E+03 5.28980536576E+02 -1.43656629900E+03 3.64747217731E+02 
2.80000000000E+00 2.85000000000E+00 2.90000000000E+00 -1.58071707787E+03 4.32574347991E+02 -1.43700534140E+03 5.24106822512E+02 -1.58422884227E+03 3.61253250207E+02 
2.90000000000E+00 2.95000000000E+00 3.00000000000E+00 -1.16174923470E+03 4.17175569716E+02 -9.40750723819E+02 5.06768838002E+02 -9.95554502860E+02 3.75266272982E+02 
3.00000000000E+00 3.05000000000E+00 3.10000000000E+00 -1.46731095780E+03 3.74881995647E+02 -1.34847961965E+03 4.56809844692E+02 -1.45680496512E+03 3.11591412174E+02 
3.10000000000E+00 3.15000000000E+00 3.20000000000E+00 5.71079473171E+01 3.67587423485E+02 5.17731265813E+02 4.49356091094E+02 -1.94796643973E+02 3.04647681537E+02 
3.20000000000E+00 3.25000000000E+00 3.30000000000E+00 -5.12163519951E+02 3.34308873925E+02 -2.47712895235E+02 4.07745557969E+02 -6.27132197160E+02 2.77543104655E+02 
3.30000000000E+00 3.35000000000E+00 3.40000000000E+00 -1.46424401502E+03 3.16849411615E+02 -1.43258583348E+03 3.86670080714E+02 -1.40238438852E+03 2.62885458857E+02 
3.40000000000E+00 3.45000000000E+00 3.50000000000E+00 -3.52880690693E+02 3.07001052704E+02 -7.28573641255E+01 3.76004547434E+02 -4.82736797706E+02 2.53892519753E+02 
3.50000000000E+00 3.55000000000E+00 3.60000000000E+00 1.41858130053E+02 2.92125317285E+02 4.66718685184E+02 3.58163078930E+02 -3.61621614831E+01 2.41287598429E+02 
3.60000000000E+00 3.65000000000E+00 3.70000000000E+00 -8.08615914180E+02 2.75318138645E+02 -7.36094237671E+02 3.38769400599E+02 -8.01040335771E+02 2.26732797094E+02 
3.70000000000E+00 3.75000000000E+00 3.80000000000E+00 2.14987952832E+01 2.39036960249E+02 2.77204490435E+02 2.95430467798E+02 -1.12738954157E+02 1.96108135314E+02 
3.80000000000E+00 3.85000000000E+00 3.90000000000E+00 -2.68193773769E+02 2.15558533340E+02 -1.33216038718E+02 2.67154088325E+02 -3.20406846213E+02 1.76435220893E+02 
3.90000000000E+00 3.95000000000E+00 4.00000000000E+00 -3.45654540326E+02 2.09655793491E+02 -4.48095755730E+02 2.74521727567E+02 -3.68301365937E+02 1.71234786238E+02 
4.00000000000E+00 4.10000000000E+00 4.20000000000E+00 -9.32094607124E+00 9.51136852811E+01 1.29873704945E+02 1.19107990616E+02 -5.68069888103E+01 7.93526560017E+01 
4.20000000000E+00 4.30000000000E+00 4.40000000000E+00 1.06216727882E+02 6.83538471781E+01 2.16173116718E+02 8.68442760456E+01 4.63188911342E+01 5.48610905128E+01 
#nx: 3
