#labels: ptw_var_lower[1] ptw_var_center[2] ptw_var_upper[3] tot_scale01[4] tot_scale01_Err[5] tot_scale02[6] tot_scale02_Err[7] tot_scale03[8] tot_scale03_Err[9]
#neval: 60000000
#overflow:lower center upper 1.21154131428E+00 8.80222813464E-03 1.86225208874E+00 1.35349542511E-02 8.26420894967E-01 6.06143791027E-03 
0.00000000000E+00 1.25000000000E+01 2.50000000000E+01 2.07445777724E+03 3.52885873244E+00 2.57447206665E+03 4.40221086781E+00 1.69592098270E+03 2.87613416409E+00 
2.50000000000E+01 3.75000000000E+01 5.00000000000E+01 -2.50002678430E+03 9.72739821329E+00 -3.03722728098E+03 1.16747404307E+01 -2.08412200030E+03 8.18961221506E+00 
5.00000000000E+01 6.25000000000E+01 7.50000000000E+01 7.81313403308E+01 3.34605298041E+00 7.89008816040E+01 4.14452912312E+00 7.42396360040E+01 2.74484291948E+00 
7.50000000000E+01 8.75000000000E+01 1.00000000000E+02 1.05276074181E+02 1.73019960584E+00 1.27031986695E+02 2.16808804805E+00 8.77626607879E+01 1.40143567427E+00 
1.00000000000E+02 1.12500000000E+02 1.25000000000E+02 6.39282740346E+01 8.97984025707E-01 8.00764320468E+01 1.14117276726E+00 5.17358949334E+01 7.18672595176E-01 
1.25000000000E+02 1.37500000000E+02 1.50000000000E+02 4.01313226837E+01 5.26129668184E-01 5.13959430315E+01 6.77803070323E-01 3.18914352671E+01 4.16142958812E-01 
1.50000000000E+02 1.62500000000E+02 1.75000000000E+02 2.36799215037E+01 3.26171995493E-01 3.08403084210E+01 4.25200432623E-01 1.85562632310E+01 2.55360866309E-01 
1.75000000000E+02 1.87500000000E+02 2.00000000000E+02 1.44549307473E+01 2.08620530329E-01 1.90853200159E+01 2.75064687032E-01 1.11980336372E+01 1.61736864980E-01 
2.00000000000E+02 2.25000000000E+02 2.50000000000E+02 7.57979902108E+00 6.55132994914E-02 1.01746600664E+01 8.74005971955E-02 5.79116572381E+00 5.02932475307E-02 
2.50000000000E+02 2.75000000000E+02 3.00000000000E+02 3.35594924579E+00 2.68113469862E-02 4.58384052839E+00 3.65741953434E-02 2.52303585805E+00 2.02294674702E-02 
3.00000000000E+02 3.25000000000E+02 3.50000000000E+02 1.59306639995E+00 1.29292803907E-02 2.21419903849E+00 1.79341706429E-02 1.18174402839E+00 9.60373910471E-03 
3.50000000000E+02 3.75000000000E+02 4.00000000000E+02 7.92373107829E-01 7.28645064315E-03 1.11584924200E+00 1.02518047427E-02 5.81308008883E-01 5.34642287400E-03 
4.00000000000E+02 4.25000000000E+02 4.50000000000E+02 4.20645357028E-01 4.25403015529E-03 5.99262523423E-01 6.06419826436E-03 3.05556965008E-01 3.08685587309E-03 
4.50000000000E+02 4.75000000000E+02 5.00000000000E+02 2.35563815492E-01 2.56923370229E-03 3.39188311658E-01 3.70648862923E-03 1.69560721434E-01 1.84560407969E-03 
5.00000000000E+02 5.50000000000E+02 6.00000000000E+02 1.05268571514E-01 7.63614560372E-04 1.53361623082E-01 1.11654437452E-03 7.50176887815E-02 5.42382071003E-04 
6.00000000000E+02 7.00000000000E+02 8.00000000000E+02 2.75219040268E-02 1.73673032643E-04 4.09030472963E-02 2.58543263607E-04 1.92785945627E-02 1.21480361102E-04 
#nx: 3
