#labels: ptw_var_lower[1] ptw_var_center[2] ptw_var_upper[3] tot_scale01[4] tot_scale01_Err[5] tot_scale02[6] tot_scale02_Err[7] tot_scale03[8] tot_scale03_Err[9]
#neval: 2400000000
#overflow:lower center upper 1.24691448456E-02 1.25912736260E-02 2.35676002717E-02 2.14046852087E-02 7.00815668506E-03 7.82842656670E-03 
0.00000000000E+00 1.25000000000E+01 2.50000000000E+01 -8.69304574716E+02 4.57635168012E+00 -1.22962437165E+03 6.37202104745E+00 -6.32695115141E+02 3.31259705741E+00 
2.50000000000E+01 3.75000000000E+01 5.00000000000E+01 -1.08216514143E+02 4.49605620456E+01 -1.47211009920E+02 6.07043806243E+01 -8.17717311106E+01 3.41292903899E+01 
5.00000000000E+01 6.25000000000E+01 7.50000000000E+01 -1.39844213796E+02 1.70111186300E+01 -1.97940728021E+02 2.35416664216E+01 -1.10246503587E+02 6.67288933943E+00 
7.50000000000E+01 8.75000000000E+01 1.00000000000E+02 -2.18405765666E+01 3.31431483413E+00 -3.32960899311E+01 4.69424038541E+00 -1.49292816389E+01 2.41401753672E+00 
1.00000000000E+02 1.12500000000E+02 1.25000000000E+02 -6.20171371871E+00 2.69975134763E+00 -1.30847911396E+01 2.78157485933E+00 -5.48592791668E+00 1.41786326166E+00 
1.25000000000E+02 1.37500000000E+02 1.50000000000E+02 -2.41470677954E+00 8.33817537147E-01 -3.91148859994E+00 1.21735283960E+00 -3.11915408234E+00 9.38205436820E-01 
1.50000000000E+02 1.62500000000E+02 1.75000000000E+02 -4.96676000606E-01 6.07806260466E-01 -2.60006149862E+00 5.79979411441E-01 -4.19929666271E-02 4.52460056907E-01 
1.75000000000E+02 1.87500000000E+02 2.00000000000E+02 -9.10334178658E-01 2.30632729310E-01 -1.46415389787E+00 3.44745593159E-01 -7.50856167111E-01 2.16915723899E-01 
2.00000000000E+02 2.25000000000E+02 2.50000000000E+02 -4.50875154271E-01 8.68608465994E-02 -6.66026129031E-01 1.34378338003E-01 -2.65680677954E-01 6.02795980795E-02 
2.50000000000E+02 2.75000000000E+02 3.00000000000E+02 -1.25286533992E-01 3.44593669971E-02 -2.14726006000E-01 6.38770329278E-02 -7.54243565709E-02 2.36125090855E-02 
3.00000000000E+02 3.25000000000E+02 3.50000000000E+02 -2.35740504046E-02 1.99262301376E-02 -4.24671758566E-02 3.23047339459E-02 -1.50922254325E-02 1.34214115527E-02 
3.50000000000E+02 3.75000000000E+02 4.00000000000E+02 -1.92291195497E-04 1.02625629284E-02 -1.06833687917E-03 1.33870532072E-02 1.31570974185E-04 6.82888645716E-03 
4.00000000000E+02 4.25000000000E+02 4.50000000000E+02 8.81026164015E-04 7.52192826637E-03 6.56244036343E-04 1.18784996757E-02 8.07862969064E-04 4.99023055348E-03 
4.50000000000E+02 4.75000000000E+02 5.00000000000E+02 -2.08229464662E-03 2.46573534597E-03 -3.15897786909E-03 3.98079539728E-03 -1.44102969992E-03 1.60351319543E-03 
5.00000000000E+02 5.50000000000E+02 6.00000000000E+02 2.64214857366E-03 1.47120372179E-03 1.93742408079E-03 1.79551122215E-03 1.73626162147E-03 9.56458892992E-04 
6.00000000000E+02 7.00000000000E+02 8.00000000000E+02 3.09441608443E-04 1.95885059921E-04 4.61594998065E-04 3.82764155894E-04 1.75072943003E-04 1.25153499575E-04 
#nx: 3
