#labels: ptw_var_lower[1] ptw_var_center[2] ptw_var_upper[3] tot_scale01[4] tot_scale01_Err[5] tot_scale02[6] tot_scale02_Err[7] tot_scale03[8] tot_scale03_Err[9]
#neval: 1633600000
#overflow:lower center upper 7.10081948809E-03 4.24103591421E-03 1.30870142419E-02 7.30062131329E-03 1.29723232771E-02 6.57956524814E-03 
0.00000000000E+00 1.25000000000E+01 2.50000000000E+01 -5.47208161958E+02 1.74949101245E+00 -8.00455847640E+02 2.66368388552E+00 -3.89053637221E+02 1.29524175198E+00 
2.50000000000E+01 3.75000000000E+01 5.00000000000E+01 5.07024609825E+01 3.15976950525E+01 7.87060388508E+01 4.44802504943E+01 2.16266323921E+01 1.47520625073E+01 
5.00000000000E+01 6.25000000000E+01 7.50000000000E+01 -5.76168542554E+01 9.44407270641E+00 -1.01043687659E+02 1.24457834096E+01 -4.10833254347E+01 6.76851870509E+00 
7.50000000000E+01 8.75000000000E+01 1.00000000000E+02 -1.35373117835E+01 2.44101802099E+00 -1.81826384591E+01 3.55570795156E+00 -9.35136293062E+00 1.73157076293E+00 
1.00000000000E+02 1.12500000000E+02 1.25000000000E+02 -5.47263383492E+00 1.01533432163E+00 -8.40859270115E+00 1.50903320469E+00 -3.43693126340E+00 7.30438997021E-01 
1.25000000000E+02 1.37500000000E+02 1.50000000000E+02 -1.44877675717E+00 7.36351191565E-01 -1.99461163690E+00 1.09113228989E+00 -9.56951653747E-01 5.07836412444E-01 
1.50000000000E+02 1.62500000000E+02 1.75000000000E+02 -3.97663407494E-01 4.63231737027E-01 -9.51044591242E-01 7.82551104173E-01 -8.03647418801E-01 2.34186234491E-01 
1.75000000000E+02 1.87500000000E+02 2.00000000000E+02 -5.69405273918E-01 1.56132970613E-01 -8.95019071389E-01 2.38609529302E-01 -3.79761663591E-01 1.06448672325E-01 
2.00000000000E+02 2.25000000000E+02 2.50000000000E+02 -1.32416859715E-01 7.30160723277E-02 -2.12046616245E-01 9.77577055044E-02 -1.18065345584E-01 4.18482374879E-02 
2.50000000000E+02 2.75000000000E+02 3.00000000000E+02 -3.66535219937E-02 2.82471676910E-02 -6.44139312113E-02 4.42518288752E-02 -2.33419095980E-02 2.14612171017E-02 
3.00000000000E+02 3.25000000000E+02 3.50000000000E+02 -1.29229280046E-02 1.63176932371E-02 -3.67954044281E-02 2.80729758597E-02 -7.60344781907E-03 1.07704105451E-02 
3.50000000000E+02 3.75000000000E+02 4.00000000000E+02 -2.98443628086E-03 9.11276275747E-03 -5.57285661339E-03 1.46160235997E-02 -2.09386106141E-03 3.64394813485E-03 
4.00000000000E+02 4.25000000000E+02 4.50000000000E+02 9.52452288936E-03 4.11724595086E-03 1.30668516201E-02 6.46014616655E-03 6.35964495166E-03 2.67483431350E-03 
4.50000000000E+02 4.75000000000E+02 5.00000000000E+02 3.93246102055E-03 2.69503786457E-03 6.29201194299E-03 4.39115922232E-03 7.45788663973E-04 1.01670079338E-03 
5.00000000000E+02 5.50000000000E+02 6.00000000000E+02 -1.27098749930E-03 1.24902942026E-03 -2.09647862809E-03 2.05889640043E-03 -8.09806624629E-04 7.97709113404E-04 
6.00000000000E+02 7.00000000000E+02 8.00000000000E+02 1.49333494047E-04 2.11371270478E-04 2.49512738796E-04 1.97632096188E-04 8.76129590376E-05 7.22917324192E-05 
#nx: 3
