#labels: abs_yj1_var_lower[1] abs_yj1_var_center[2] abs_yj1_var_upper[3] tot_scale01[4] tot_scale01_Err[5] tot_scale02[6] tot_scale02_Err[7] tot_scale03[8] tot_scale03_Err[9]
#neval: 60000000
#overflow:lower center upper 0.00000000000E+00 0.00000000000E+00 0.00000000000E+00 0.00000000000E+00 0.00000000000E+00 0.00000000000E+00 
0.00000000000E+00 5.00000000000E-02 1.00000000000E-01 4.83641805030E+04 1.11531806344E+02 5.14121991023E+04 1.26461806913E+02 4.74878827445E+04 1.05968907863E+02 
1.00000000000E-01 1.50000000000E-01 2.00000000000E-01 4.81510805249E+04 1.11150540264E+02 5.11166965683E+04 1.26122732660E+02 4.73166432585E+04 1.05432840397E+02 
2.00000000000E-01 2.50000000000E-01 3.00000000000E-01 4.80752264514E+04 1.09570415706E+02 5.10935866226E+04 1.24378247716E+02 4.72055463133E+04 1.03981147646E+02 
3.00000000000E-01 3.50000000000E-01 4.00000000000E-01 4.75660138674E+04 1.09498938361E+02 5.05291374716E+04 1.24434955941E+02 4.67162394087E+04 1.03824095371E+02 
4.00000000000E-01 4.50000000000E-01 5.00000000000E-01 4.73114971606E+04 1.08983719502E+02 5.02412547063E+04 1.23653879202E+02 4.64709112146E+04 1.03525699455E+02 
5.00000000000E-01 5.50000000000E-01 6.00000000000E-01 4.65983845652E+04 1.09345024992E+02 4.95071862529E+04 1.24617715218E+02 4.57569761872E+04 1.03547871469E+02 
6.00000000000E-01 6.50000000000E-01 7.00000000000E-01 4.59736651045E+04 1.06463676449E+02 4.88525215441E+04 1.21283436318E+02 4.51363189989E+04 1.00982005715E+02 
7.00000000000E-01 7.50000000000E-01 8.00000000000E-01 4.49395484263E+04 1.06630573697E+02 4.76821058670E+04 1.21271816504E+02 4.41637578978E+04 1.01268605127E+02 
8.00000000000E-01 8.50000000000E-01 9.00000000000E-01 4.40994054712E+04 1.04529106424E+02 4.68614931115E+04 1.19005358506E+02 4.32879650746E+04 9.93710962840E+01 
9.00000000000E-01 9.50000000000E-01 1.00000000000E+00 4.30556458405E+04 1.03023445288E+02 4.57582417394E+04 1.17387770825E+02 4.22792153488E+04 9.76128527204E+01 
1.00000000000E+00 1.10000000000E+00 1.20000000000E+00 4.14929542188E+04 7.17974207114E+01 4.40706355604E+04 8.24225607496E+01 4.07373252254E+04 6.80133162720E+01 
1.20000000000E+00 1.25000000000E+00 1.30000000000E+00 3.96324994167E+04 9.80453643389E+01 4.20910122849E+04 1.12745392473E+02 3.89048806141E+04 9.29284459704E+01 
1.30000000000E+00 1.35000000000E+00 1.40000000000E+00 3.80974274112E+04 9.57301657356E+01 4.04102772692E+04 1.09940231336E+02 3.74245257103E+04 9.08939891836E+01 
1.40000000000E+00 1.45000000000E+00 1.50000000000E+00 3.65387952255E+04 9.30822435283E+01 3.87334532262E+04 1.07380291791E+02 3.59065696876E+04 8.82821314942E+01 
1.50000000000E+00 1.55000000000E+00 1.60000000000E+00 3.50492935450E+04 9.20760108361E+01 3.71562105635E+04 1.06901297240E+02 3.44367816802E+04 8.70081091472E+01 
1.60000000000E+00 1.65000000000E+00 1.70000000000E+00 3.35790866211E+04 9.09205349654E+01 3.56179182970E+04 1.05942913801E+02 3.29686378437E+04 8.54172248705E+01 
1.70000000000E+00 1.75000000000E+00 1.80000000000E+00 3.18586106245E+04 8.71598880003E+01 3.37643671915E+04 1.01557000665E+02 3.13088312161E+04 8.25470443387E+01 
1.80000000000E+00 1.85000000000E+00 1.90000000000E+00 3.00114418129E+04 8.34663687425E+01 3.17831419416E+04 9.77428901699E+01 2.94956798300E+04 7.87211705106E+01 
1.90000000000E+00 1.95000000000E+00 2.00000000000E+00 2.81624837629E+04 8.02213793167E+01 2.97587602023E+04 9.32936984749E+01 2.77141839955E+04 7.60932391692E+01 
2.00000000000E+00 2.05000000000E+00 2.10000000000E+00 2.64623681950E+04 7.80592125057E+01 2.80253156036E+04 9.15016698744E+01 2.60081239996E+04 7.38282300144E+01 
2.10000000000E+00 2.15000000000E+00 2.20000000000E+00 2.47864011738E+04 7.63947572748E+01 2.61749808345E+04 8.92889715039E+01 2.43761638996E+04 7.17454147273E+01 
2.20000000000E+00 2.25000000000E+00 2.30000000000E+00 2.27588034446E+04 7.13586491828E+01 2.40039843094E+04 8.39178792584E+01 2.24179337374E+04 6.74715541753E+01 
2.30000000000E+00 2.35000000000E+00 2.40000000000E+00 2.10916412875E+04 7.08033746808E+01 2.22077319983E+04 8.29500581481E+01 2.07455599085E+04 6.59299222501E+01 
2.40000000000E+00 2.45000000000E+00 2.50000000000E+00 1.95091219053E+04 6.91290148857E+01 2.05376791355E+04 8.07601904963E+01 1.92386821322E+04 6.56933821161E+01 
2.50000000000E+00 2.55000000000E+00 2.60000000000E+00 1.76318289344E+04 6.39058372362E+01 1.84880544161E+04 7.46235920181E+01 1.74278146726E+04 6.04948921521E+01 
2.60000000000E+00 2.65000000000E+00 2.70000000000E+00 1.60850275703E+04 5.95832123794E+01 1.68179209113E+04 6.95093671796E+01 1.59255844139E+04 5.69393406578E+01 
2.70000000000E+00 2.75000000000E+00 2.80000000000E+00 1.44796014551E+04 5.72589563503E+01 1.51395603383E+04 6.79141435071E+01 1.43381421408E+04 5.44349080354E+01 
2.80000000000E+00 2.85000000000E+00 2.90000000000E+00 1.29148270805E+04 5.30340413764E+01 1.34628148158E+04 6.21826752713E+01 1.28054819032E+04 5.06746817212E+01 
2.90000000000E+00 2.95000000000E+00 3.00000000000E+00 1.15592973992E+04 5.05943186808E+01 1.19953727438E+04 5.84217573816E+01 1.14802674095E+04 4.85191577644E+01 
3.00000000000E+00 3.05000000000E+00 3.10000000000E+00 1.01263868070E+04 4.76952483342E+01 1.05168210780E+04 5.63753404482E+01 1.00487551867E+04 4.50461978439E+01 
3.10000000000E+00 3.15000000000E+00 3.20000000000E+00 8.83590912351E+03 4.43342453802E+01 9.11390326265E+03 5.22885139188E+01 8.80536504389E+03 4.24198307416E+01 
3.20000000000E+00 3.25000000000E+00 3.30000000000E+00 7.77926645083E+03 4.17154652738E+01 8.04012589035E+03 4.90081029653E+01 7.74163229911E+03 4.00732035021E+01 
3.30000000000E+00 3.35000000000E+00 3.40000000000E+00 6.59335900503E+03 3.70669570784E+01 6.76017964310E+03 4.25517547392E+01 6.58598417215E+03 3.60285140043E+01 
3.40000000000E+00 3.45000000000E+00 3.50000000000E+00 5.67343122520E+03 3.46088737582E+01 5.80794813086E+03 3.98030966231E+01 5.66531436624E+03 3.35667618509E+01 
3.50000000000E+00 3.55000000000E+00 3.60000000000E+00 4.83828694481E+03 3.22199516417E+01 4.94468573616E+03 3.70376650271E+01 4.83170458643E+03 3.12148136541E+01 
3.60000000000E+00 3.65000000000E+00 3.70000000000E+00 4.03127839103E+03 2.88481850678E+01 4.09562231831E+03 3.24408544141E+01 4.03301119195E+03 2.82071196979E+01 
3.70000000000E+00 3.75000000000E+00 3.80000000000E+00 3.29658816863E+03 2.59077716173E+01 3.34830718796E+03 2.90668718663E+01 3.29568128990E+03 2.53761530434E+01 
3.80000000000E+00 3.85000000000E+00 3.90000000000E+00 2.65060442918E+03 2.32966295203E+01 2.67655356624E+03 2.57765322221E+01 2.65148827384E+03 2.28928035788E+01 
3.90000000000E+00 3.95000000000E+00 4.00000000000E+00 2.20011662975E+03 2.15903008867E+01 2.22442214543E+03 2.36971812660E+01 2.19374963280E+03 2.11904257600E+01 
4.00000000000E+00 4.10000000000E+00 4.20000000000E+00 1.56029174224E+03 1.30849929556E+01 1.56857113917E+03 1.39518029573E+01 1.55570600023E+03 1.29697394104E+01 
4.20000000000E+00 4.30000000000E+00 4.40000000000E+00 9.10047732243E+02 1.00625261812E+01 9.17327973756E+02 1.04952863365E+01 9.00571110943E+02 9.97290454228E+00 
#nx: 3
