#labels: ptw_var_lower[1] ptw_var_center[2] ptw_var_upper[3] tot_scale01[4] tot_scale01_Err[5] tot_scale02[6] tot_scale02_Err[7] tot_scale03[8] tot_scale03_Err[9]
#neval: 60000000
#overflow:lower center upper -1.83390645568E+00 1.68559867616E-03 -4.06454443709E+00 3.67424976890E-03 -6.91694738862E-01 6.71229800043E-04 
0.00000000000E+00 1.25000000000E+01 2.50000000000E+01 0.00000000000E+00 0.00000000000E+00 0.00000000000E+00 0.00000000000E+00 0.00000000000E+00 0.00000000000E+00 
2.50000000000E+01 3.75000000000E+01 5.00000000000E+01 2.94283353894E+03 1.88543427648E+00 3.19786844817E+03 2.17285924799E+00 2.83093835329E+03 1.78145465899E+00 
5.00000000000E+01 6.25000000000E+01 7.50000000000E+01 8.86232419025E+02 6.52851402464E-01 9.31048304998E+02 7.59352612275E-01 8.80348494495E+02 6.29044471291E-01 
7.50000000000E+01 8.75000000000E+01 1.00000000000E+02 2.74223651548E+02 2.63176247227E-01 2.71106615910E+02 3.05043409473E-01 2.85017314084E+02 2.61119346767E-01 
1.00000000000E+02 1.12500000000E+02 1.25000000000E+02 1.02472984006E+02 1.21719599773E-01 9.23186769803E+01 1.39799572887E-01 1.12685944794E+02 1.25108461507E-01 
1.25000000000E+02 1.37500000000E+02 1.50000000000E+02 4.18960083579E+01 5.93862289755E-02 3.24050122768E+01 6.71552395085E-02 4.95869913354E+01 6.38457253677E-02 
1.50000000000E+02 1.62500000000E+02 1.75000000000E+02 1.80532541019E+01 3.01321955387E-02 1.05936733365E+01 3.40994455882E-02 2.35358814886E+01 3.40450219765E-02 
1.75000000000E+02 1.87500000000E+02 2.00000000000E+02 7.94759469033E+00 1.55954221791E-02 2.36043211768E+00 1.82431522519E-02 1.18187648605E+01 1.86237216623E-02 
2.00000000000E+02 2.25000000000E+02 2.50000000000E+02 2.37178812606E+00 4.70325264430E-03 -1.22838897042E+00 6.34595437873E-03 4.73439577797E+00 6.01189048851E-03 
2.50000000000E+02 2.75000000000E+02 3.00000000000E+02 1.66017805855E-01 1.57073769396E-03 -1.81267243560E+00 3.13582540938E-03 1.40042164790E+00 2.05962180501E-03 
3.00000000000E+02 3.25000000000E+02 3.50000000000E+02 -2.48150316904E-01 7.64817558272E-04 -1.36890603516E+00 1.95064333743E-03 4.27089546099E-01 7.85856421989E-04 
3.50000000000E+02 3.75000000000E+02 4.00000000000E+02 -2.65913959157E-01 4.87481350006E-04 -9.19771043078E-01 1.27610019171E-03 1.17817722398E-01 3.25262871202E-04 
4.00000000000E+02 4.25000000000E+02 4.50000000000E+02 -2.07711400226E-01 3.51110335522E-04 -6.01191563738E-01 8.85216333101E-04 1.84537559597E-02 1.62505826684E-04 
4.50000000000E+02 4.75000000000E+02 5.00000000000E+02 -1.47667435576E-01 2.47448791269E-04 -3.89805126965E-01 6.00087482024E-04 -1.09158893271E-02 9.31549065092E-05 
5.00000000000E+02 5.50000000000E+02 6.00000000000E+02 -8.60191682674E-02 1.07698672848E-04 -2.11486314839E-01 2.51463862047E-04 -1.65644920729E-02 3.75793874604E-05 
6.00000000000E+02 7.00000000000E+02 8.00000000000E+02 -2.96256406424E-02 2.95898376369E-05 -6.82927980483E-02 6.63297877566E-05 -8.86001252318E-03 1.06987816780E-05 
#nx: 3
