#labels: ptw_var_lower[1] ptw_var_center[2] ptw_var_upper[3] tot_scale01[4] tot_scale01_Err[5] tot_scale02[6] tot_scale02_Err[7] tot_scale03[8] tot_scale03_Err[9]
#neval: 828000000
#overflow:lower center upper 6.52830269524E-01 2.38608621635E-04 2.54471943603E+00 8.74002285527E-04 8.06620110298E-02 5.16303449500E-05 
0.00000000000E+00 1.25000000000E+01 2.50000000000E+01 0.00000000000E+00 0.00000000000E+00 0.00000000000E+00 0.00000000000E+00 0.00000000000E+00 0.00000000000E+00 
2.50000000000E+01 3.75000000000E+01 5.00000000000E+01 6.00046588909E+02 1.64536368985E-01 1.75606641500E+02 1.21193855158E-01 8.53214268780E+02 2.27168131735E-01 
5.00000000000E+01 6.25000000000E+01 7.50000000000E+01 8.99177280976E+01 4.81794408176E-02 -1.04776980638E+02 4.89010489834E-02 2.05860833139E+02 7.13621589710E-02 
7.50000000000E+01 8.75000000000E+01 1.00000000000E+02 2.37851091793E+00 1.87775748716E-02 -7.97272105190E+01 2.87675287136E-02 5.14885838786E+01 2.71596083744E-02 
1.00000000000E+02 1.12500000000E+02 1.25000000000E+02 -7.89258301786E+00 9.44624087750E-03 -4.64699954391E+01 1.82260991562E-02 1.54593260810E+01 1.19781045625E-02 
1.25000000000E+02 1.37500000000E+02 1.50000000000E+02 -7.04323506860E+00 5.45650020037E-03 -2.62943614133E+01 1.15237357389E-02 4.84168464806E+00 5.88185424244E-03 
1.50000000000E+02 1.62500000000E+02 1.75000000000E+02 -4.96211814957E+00 3.33904681024E-03 -1.49555755945E+01 7.25325020464E-03 1.38566376681E+00 3.05079616749E-03 
1.75000000000E+02 1.87500000000E+02 2.00000000000E+02 -3.28678227409E+00 2.08543139614E-03 -8.60044325849E+00 4.58157919816E-03 2.28179030396E-01 1.68153426734E-03 
2.00000000000E+02 2.25000000000E+02 2.50000000000E+02 -1.75668984395E+00 7.93114143738E-04 -3.95664798320E+00 1.71525776961E-03 -1.75411047956E-01 5.70824801519E-04 
2.50000000000E+02 2.75000000000E+02 3.00000000000E+02 -7.32331933113E-01 3.44381818564E-04 -1.33570108829E+00 7.18493301710E-04 -1.90071362975E-01 2.27464764883E-04 
3.00000000000E+02 3.25000000000E+02 3.50000000000E+02 -3.04947389384E-01 1.61962599290E-04 -4.15324965160E-01 3.30498318274E-04 -1.18058099275E-01 1.07528037333E-04 
3.50000000000E+02 3.75000000000E+02 4.00000000000E+02 -1.24500326735E-01 7.37316840880E-05 -8.79472108877E-02 1.55173761979E-04 -6.58638106521E-02 5.16889597301E-05 
4.00000000000E+02 4.25000000000E+02 4.50000000000E+02 -4.72504524966E-02 3.17815393964E-05 2.28047963761E-02 7.84163371035E-05 -3.53424028070E-02 2.42126036594E-05 
4.50000000000E+02 4.75000000000E+02 5.00000000000E+02 -1.43262846899E-02 1.62304311523E-05 5.36615432793E-02 5.17844538493E-05 -1.86373987334E-02 1.29942906184E-05 
5.00000000000E+02 5.50000000000E+02 6.00000000000E+02 1.72742769818E-03 5.90915151804E-06 5.17713491323E-02 2.46806994297E-05 -7.24850359050E-03 4.20472297267E-06 
6.00000000000E+02 7.00000000000E+02 8.00000000000E+02 4.86195507843E-03 2.17611134597E-06 2.71504196232E-02 9.30305739945E-06 -8.87117495193E-04 8.46782957225E-07 
#nx: 3
