    1   'Adbar'    0.168598    0.005634
    2   'Adv'    1.000000    0.000000
    3   'Ag'    1.000000    0.000000
    4   'Aubar'    0.000000    0.000000
    5   'Auv'    1.000000    0.000000
    6   'Bdbar'   -0.123106    0.004094
    7   'Bdv'    1.111903    0.069698
    8   'Bg'   -0.821062    0.022565
    9   'Bubar'    0.000000    0.000000
   10   'Buv'    0.857085    0.018808
   11   'Cdbar'    9.702248    1.118571
   12   'Cdv'    5.138776    0.333596
   13   'Cg'    7.396612    0.472010
   14   'Cubar'    6.434431    0.994983
   15   'Cuv'    4.763474    0.073473
   16   'DbarToS'    1.000000    0.000000
   17   'Dg'   -2.000000    1.414213
   18   'Dubar'   -0.089332    1.051817
   19   'Duv'    0.000000    0.000000
   20   'Euv'    7.988547    0.842932
   21   'ZERO'    0.000000    0.000000
   22   'fs'    0.400000    0.000000
