    1   'Adbar'    0.160047    0.006144
    2   'Adv'    1.000000    0.000000
    3   'Ag'    1.000000    0.000000
    4   'Aubar'    0.000000    0.000000
    5   'Auv'    1.000000    0.000000
    6   'Bdbar'   -0.127993    0.004529
    7   'Bdv'    0.713952    0.069399
    8   'Bg'    0.185782    0.021762
    9   'Bubar'    0.000000    0.000000
   10   'Buv'    0.840717    0.027667
   11   'Cdbar'    3.301740    0.523599
   12   'Cdv'    4.295920    0.353599
   13   'Cg'    8.607089    0.539103
   14   'Cubar'    6.836159    2.034230
   15   'Cuv'    4.871440    0.086823
   16   'DbarToS'    1.000000    0.000000
   17   'Dubar'   -0.514115    1.822268
   18   'Duv'    0.000000    0.000000
   19   'Euv'    8.687652    1.316793
   20   'ZERO'    0.000000    0.000000
   21   'fs'    0.400000    0.000000
