    1   'Adbar'    0.160047    0.006149
    2   'Adv'    1.000000    0.000000
    3   'Ag'    1.000000    0.000000
    4   'Aubar'    0.000000    0.000000
    5   'Auv'    1.000000    0.000000
    6   'Bdbar'   -0.127993    0.004532
    7   'Bdv'    0.713952    0.069505
    8   'Bg'    0.185782    0.021757
    9   'Bubar'    0.000000    0.000000
   10   'Buv'    0.840717    0.027616
   11   'Cdbar'    3.301740    0.524369
   12   'Cdv'    4.295920    0.353618
   13   'Cg'    8.607089    0.538854
   14   'Cubar'    6.836159    2.056088
   15   'Cuv'    4.871440    0.086590
   16   'DbarToS'    1.000000    0.000000
   17   'Dubar'   -0.514115    1.840910
   18   'Duv'    0.000000    0.000000
   19   'Euv'    8.687652    1.312741
   20   'ZERO'    0.000000    0.000000
   21   'fs'    0.400000    0.000000
