    1   'Adbar'    0.163034    0.006620
    2   'Adv'    1.000000    0.000000
    3   'Ag'    1.000000    0.000000
    4   'Agp'    0.153407    0.122379
    5   'Aubar'    0.000000    0.000000
    6   'Auv'    1.000000    0.000000
    7   'Bdbar'   -0.125704    0.005111
    8   'Bdv'    1.049307    0.086808
    9   'Bg'   -0.075780    0.071736
   10   'Bgp'   -0.398307    0.059498
   11   'Bubar'    0.000000    0.000000
   12   'Buv'    0.805148    0.027029
   13   'Cdbar'   10.589532    2.331290
   14   'Cdv'    4.912169    0.390315
   15   'Cg'    5.257501    0.603303
   16   'Cgp'   25.000000    0.000000
   17   'Cubar'    7.392384    1.912663
   18   'Cuv'    4.814357    0.083731
   19   'DbarToS'    1.000000    0.000000
   20   'Dubar'    2.011882    2.672154
   21   'Duv'    0.000000    0.000000
   22   'Euv'   10.107763    1.356992
   23   'ZERO'    0.000000    0.000000
   24   'fs'    0.400000    0.000000
