    1   'Adbar'    0.161315    0.006535
    2   'Adv'    1.000000    0.000000
    3   'Ag'    1.000000    0.000000
    4   'Agp'    0.167550    0.152379
    5   'Aubar'    0.000000    0.000000
    6   'Auv'    1.000000    0.000000
    7   'Bdbar'   -0.127266    0.005070
    8   'Bdv'    1.029033    0.086978
    9   'Bg'   -0.063500    0.079315
   10   'Bgp'   -0.383140    0.066781
   11   'Bubar'    0.000000    0.000000
   12   'Buv'    0.810362    0.026507
   13   'Cdbar'    9.578357    1.975474
   14   'Cdv'    4.844165    0.388451
   15   'Cg'    5.544614    0.609670
   16   'Cgp'   25.000000    0.000000
   17   'Cubar'    6.989206    2.221912
   18   'Cuv'    4.822401    0.084742
   19   'DbarToS'    1.000000    0.000000
   20   'Dubar'    1.445801    2.966094
   21   'Duv'    0.000000    0.000000
   22   'Euv'    9.908238    1.352214
   23   'ZERO'    0.000000    0.000000
   24   'fs'    0.400000    0.000000
