    1   'Adbar'    0.161449    0.006560
    2   'Adv'    1.000000    0.000000
    3   'Ag'    1.000000    0.000000
    4   'Agp'    0.162992    0.141655
    5   'Aubar'    0.000000    0.000000
    6   'Auv'    1.000000    0.000000
    7   'Bdbar'   -0.127006    0.005090
    8   'Bdv'    1.031037    0.086578
    9   'Bg'   -0.064792    0.076726
   10   'Bgp'   -0.386169    0.064199
   11   'Bubar'    0.000000    0.000000
   12   'Buv'    0.810361    0.026488
   13   'Cdbar'    9.611247    2.004954
   14   'Cdv'    4.850742    0.389081
   15   'Cg'    5.473739    0.607831
   16   'Cgp'   25.000000    0.000000
   17   'Cubar'    6.972341    2.318924
   18   'Cuv'    4.821879    0.084707
   19   'DbarToS'    1.000000    0.000000
   20   'Dubar'    1.304360    3.026565
   21   'Duv'    0.000000    0.000000
   22   'Euv'    9.886247    1.352851
   23   'ZERO'    0.000000    0.000000
   24   'fs'    0.400000    0.000000
