    1   'Adbar'    0.161449    0.006525
    2   'Adv'    1.000000    0.000000
    3   'Ag'    1.000000    0.000000
    4   'Agp'    0.162992    0.139921
    5   'Aubar'    0.000000    0.000000
    6   'Auv'    1.000000    0.000000
    7   'Bdbar'   -0.127006    0.005060
    8   'Bdv'    1.031037    0.086423
    9   'Bg'   -0.064792    0.076362
   10   'Bgp'   -0.386169    0.063238
   11   'Bubar'    0.000000    0.000000
   12   'Buv'    0.810361    0.026216
   13   'Cdbar'    9.611247    1.988922
   14   'Cdv'    4.850742    0.388167
   15   'Cg'    5.473739    0.603804
   16   'Cgp'   25.000000    0.000000
   17   'Cubar'    6.972341    2.273845
   18   'Cuv'    4.821879    0.084200
   19   'DbarToS'    1.000000    0.000000
   20   'Dubar'    1.304360    2.976645
   21   'Duv'    0.000000    0.000000
   22   'Euv'    9.886247    1.342589
   23   'ZERO'    0.000000    0.000000
   24   'fs'    0.400000    0.000000
