    1   'Adbar'    0.166172    0.008196
    2   'Adv'    1.000000    0.000000
    3   'Ag'    1.000000    0.000000
    4   'Aubar'    0.000000    0.000000
    5   'Auv'    1.000000    0.000000
    6   'Bdbar'   -0.124084    0.005836
    7   'Bdv'    0.911692    0.141996
    8   'Bg'    0.171499    0.027617
    9   'Bubar'    0.000000    0.000000
   10   'Buv'    0.842066    0.030463
   11   'Cdbar'    5.366864    1.887337
   12   'Cdv'    4.538450    0.461954
   13   'Cg'    7.716557    0.936369
   14   'Cubar'    7.005784    2.366213
   15   'Cuv'    4.792872    0.082112
   16   'DbarToS'    1.000000    0.000000
   17   'Dubar'   -0.481675    2.248205
   18   'Duv'    0.000000    0.000000
   19   'Euv'    8.694828    1.259061
   20   'ZERO'    0.000000    0.000000
   21   'fs'    0.400000    0.000000
