    1   'Adbar'    0.167188    0.006845
    2   'Adv'    1.000000    0.000000
    3   'Ag'    1.000000    0.000000
    4   'Agp'    0.132343    0.092914
    5   'Aubar'    0.000000    0.000000
    6   'Auv'    1.000000    0.000000
    7   'Bdbar'   -0.122141    0.005206
    8   'Bdv'    1.051193    0.084265
    9   'Bg'   -0.100820    0.064384
   10   'Bgp'   -0.424513    0.053687
   11   'Bubar'    0.000000    0.000000
   12   'Buv'    0.798020    0.026888
   13   'Cdbar'   11.589244    2.912797
   14   'Cdv'    4.970984    0.389245
   15   'Cg'    4.694233    0.585423
   16   'Cgp'   25.000000    0.000000
   17   'Cubar'    7.413831    2.028320
   18   'Cuv'    4.806844    0.082363
   19   'DbarToS'    1.000000    0.000000
   20   'Dubar'    1.665232    2.756168
   21   'Duv'    0.000000    0.000000
   22   'Euv'   10.346975    1.375083
   23   'ZERO'    0.000000    0.000000
   24   'fs'    0.400000    0.000000
