    1   'Adbar'    0.149436    0.006074
    2   'Adv'    1.000000    0.000000
    3   'Ag'    1.000000    0.000000
    4   'Agp'    0.109500    0.086711
    5   'Aubar'    0.000000    0.000000
    6   'Auv'    1.000000    0.000000
    7   'Bdbar'   -0.135502    0.004842
    8   'Bdv'    0.630022    0.061974
    9   'Bg'   -0.015096    0.059555
   10   'Bgp'   -0.414777    0.066703
   11   'Bubar'    0.000000    0.000000
   12   'Buv'    0.774341    0.030525
   13   'Cdbar'    2.860998    0.444906
   14   'Cdv'    4.183703    0.404025
   15   'Cg'    7.119478    0.562322
   16   'Cgp'   25.000000    0.000000
   17   'Cubar'    6.162983    2.354939
   18   'Cuv'    4.927269    0.085752
   19   'DbarToS'    1.000000    0.000000
   20   'Dubar'    0.668662    2.946282
   21   'Duv'    0.000000    0.000000
   22   'Euv'   11.270762    1.630182
   23   'ZERO'    0.000000    0.000000
   24   'fs'    0.400000    0.000000
