    1   'Adbar'    0.168616    0.006091
    2   'Adv'    1.000000    0.000000
    3   'Ag'    1.000000    0.000000
    4   'Aubar'    0.000000    0.000000
    5   'Auv'    1.000000    0.000000
    6   'Bdbar'   -0.122942    0.004440
    7   'Bdv'    1.113828    0.082480
    8   'Bg'    0.177063    0.025256
    9   'Bubar'    0.000000    0.000000
   10   'Buv'    0.856814    0.022020
   11   'Cdbar'    9.734224    1.945648
   12   'Cdv'    5.144003    0.381741
   13   'Cg'    6.835764    2.186116
   14   'Cubar'    6.369255    4.344893
   15   'Cuv'    4.763475    0.084406
   16   'DbarToS'    1.000000    0.000000
   17   'Dg'   -0.522169    2.110801
   18   'Dubar'   -0.260431    4.541130
   19   'Duv'    0.000000    0.000000
   20   'Euv'    7.983540    1.075091
   21   'ZERO'    0.000000    0.000000
   22   'fs'    0.400000    0.000000
