    1   'Adbar'    0.168616    0.006120
    2   'Adv'    1.000000    0.000000
    3   'Ag'    1.000000    0.000000
    4   'Aubar'    0.000000    0.000000
    5   'Auv'    1.000000    0.000000
    6   'Bdbar'   -0.122942    0.004463
    7   'Bdv'    1.113828    0.082915
    8   'Bg'    0.177063    0.025436
    9   'Bubar'    0.000000    0.000000
   10   'Buv'    0.856814    0.022186
   11   'Cdbar'    9.734224    1.982354
   12   'Cdv'    5.144003    0.382808
   13   'Cg'    6.835764    2.326593
   14   'Cubar'    6.369255    4.877928
   15   'Cuv'    4.763475    0.084983
   16   'DbarToS'    1.000000    0.000000
   17   'Dg'   -0.522169    2.221531
   18   'Dubar'   -0.260431    5.087204
   19   'Duv'    0.000000    0.000000
   20   'Euv'    7.983540    1.083648
   21   'ZERO'    0.000000    0.000000
   22   'fs'    0.400000    0.000000
