    1   'Adbar'    0.168466    0.006084
    2   'Adv'    1.000000    0.000000
    3   'Ag'    1.000000    0.000000
    4   'Aubar'    0.000000    0.000000
    5   'Auv'    1.000000    0.000000
    6   'Bdbar'   -0.122807    0.004430
    7   'Bdv'    1.118542    0.081789
    8   'Bg'    0.175312    0.025009
    9   'Bubar'    0.000000    0.000000
   10   'Buv'    0.859247    0.021836
   11   'Cdbar'    9.655223    1.899767
   12   'Cdv'    5.157240    0.380539
   13   'Cg'    7.227194    0.582015
   14   'Cubar'    6.432754    3.900486
   15   'Cuv'    4.763697    0.084422
   16   'DbarToS'    1.000000    0.000000
   17   'Dubar'   -0.420421    3.927602
   18   'Duv'    0.000000    0.000000
   19   'Euv'    7.901012    1.072815
   20   'ZERO'    0.000000    0.000000
   21   'fs'    0.400000    0.000000
