    1   'Adbar'    0.168466    0.006054
    2   'Adv'    1.000000    0.000000
    3   'Ag'    1.000000    0.000000
    4   'Aubar'    0.000000    0.000000
    5   'Auv'    1.000000    0.000000
    6   'Bdbar'   -0.122807    0.004408
    7   'Bdv'    1.118542    0.081373
    8   'Bg'    0.175312    0.024899
    9   'Bubar'    0.000000    0.000000
   10   'Buv'    0.859247    0.021712
   11   'Cdbar'    9.655223    1.887193
   12   'Cdv'    5.157240    0.378652
   13   'Cg'    7.227194    0.578278
   14   'Cubar'    6.432754    3.671782
   15   'Cuv'    4.763697    0.084132
   16   'DbarToS'    1.000000    0.000000
   17   'Dubar'   -0.420421    3.692930
   18   'Duv'    0.000000    0.000000
   19   'Euv'    7.901012    1.065434
   20   'ZERO'    0.000000    0.000000
   21   'fs'    0.400000    0.000000
