    1   'Adbar'    0.157524    0.006463
    2   'Adv'    1.000000    0.000000
    3   'Ag'    1.000000    0.000000
    4   'Agp'    0.186604    0.280336
    5   'Aubar'    0.000000    0.000000
    6   'Auv'    1.000000    0.000000
    7   'Bdbar'   -0.129650    0.004947
    8   'Bdv'    0.717863    0.066884
    9   'Bg'   -0.041623    0.124709
   10   'Bgp'   -0.363876    0.101578
   11   'Bubar'    0.000000    0.000000
   12   'Buv'    0.830182    0.027883
   13   'Cdbar'    3.280399    0.518818
   14   'Cdv'    4.386963    0.356775
   15   'Cg'    6.795080    0.594856
   16   'Cgp'   25.000000    0.000000
   17   'Cubar'    7.924447    2.385189
   18   'Cuv'    4.845960    0.084717
   19   'DbarToS'    1.000000    0.000000
   20   'Dubar'    0.607162    2.324734
   21   'Duv'    0.000000    0.000000
   22   'Euv'    8.715871    1.287576
   23   'ZERO'    0.000000    0.000000
   24   'fs'    0.400000    0.000000
