    1   'Adbar'    0.157524    0.004880
    2   'Adv'    1.000000    0.000000
    3   'Ag'    1.000000    0.000000
    4   'Agp'    0.186604    0.050369
    5   'Aubar'    0.000000    0.000000
    6   'Auv'    1.000000    0.000000
    7   'Bdbar'   -0.129650    0.003805
    8   'Bdv'    0.717863    0.048682
    9   'Bg'   -0.041623    0.028262
   10   'Bgp'   -0.363876    0.027154
   11   'Bubar'    0.000000    0.000000
   12   'Buv'    0.830182    0.015097
   13   'Cdbar'    3.280399    0.336583
   14   'Cdv'    4.386963    0.299225
   15   'Cg'    6.795080    0.346750
   16   'Cgp'   25.000000    0.000000
   17   'Cubar'    7.924447    1.060992
   18   'Cuv'    4.845960    0.064655
   19   'DbarToS'    1.000000    0.000000
   20   'Dubar'    0.607162    1.142964
   21   'Duv'    0.000000    0.000000
   22   'Euv'    8.715871    0.764257
   23   'ZERO'    0.000000    0.000000
   24   'fs'    0.400000    0.000000
