    1   'Adbar'    0.158482    0.006500
    2   'Adv'    1.000000    0.000000
    3   'Ag'    1.000000    0.000000
    4   'Agp'    0.199453    0.086936
    5   'Aubar'    0.000000    0.000000
    6   'Auv'    1.000000    0.000000
    7   'Bdbar'   -0.128354    0.004985
    8   'Bdv'    0.723955    0.067325
    9   'Bg'   -0.069697    0.058588
   10   'Bgp'   -0.370860    0.033402
   11   'Bubar'    0.000000    0.000000
   12   'Buv'    0.829581    0.026089
   13   'Cdbar'    3.376235    0.601402
   14   'Cdv'    4.380826    0.350259
   15   'Cg'    6.377340    0.554698
   16   'Cgp'   25.000000    0.000000
   17   'Cubar'    8.107112    1.818191
   18   'Cuv'    4.849735    0.082713
   19   'DbarToS'    1.000000    0.000000
   20   'Dubar'    0.414988    1.630320
   21   'Duv'    0.000000    0.000000
   22   'Euv'    8.779755    1.250184
   23   'ZERO'    0.000000    0.000000
   24   'fs'    0.400000    0.000000
