    1   'Adbar'    0.161061    0.006461
    2   'Adv'    1.000000    0.000000
    3   'Ag'    1.000000    0.000000
    4   'Agp'    0.154279    0.128596
    5   'Aubar'    0.000000    0.000000
    6   'Auv'    1.000000    0.000000
    7   'Bdbar'   -0.126972    0.005001
    8   'Bdv'    1.032120    0.083374
    9   'Bg'   -0.067382    0.073516
   10   'Bgp'   -0.392815    0.061978
   11   'Bubar'    0.000000    0.000000
   12   'Buv'    0.806299    0.025533
   13   'Cdbar'    9.791606    1.921030
   14   'Cdv'    4.859866    0.382788
   15   'Cg'    5.342490    0.558307
   16   'Cgp'   25.000000    0.000000
   17   'Cubar'    6.763151    2.380818
   18   'Cuv'    4.820347    0.083173
   19   'DbarToS'    1.000000    0.000000
   20   'Dubar'    1.003158    3.021736
   21   'Duv'    0.000000    0.000000
   22   'Euv'    9.983449    1.345231
   23   'ZERO'    0.000000    0.000000
   24   'fs'    0.400000    0.000000
