    1   'Adbar'    0.160400    0.005590
    2   'Adv'    1.000000    0.000000
    3   'Ag'    1.000000    0.000000
    4   'Aubar'    0.000000    0.000000
    5   'Auv'    1.000000    0.000000
    6   'Bdbar'   -0.128066    0.004143
    7   'Bdv'    0.706812    0.063644
    8   'Bg'   -0.813197    0.020476
    9   'Bubar'    0.000000    0.000000
   10   'Buv'    0.837232    0.022647
   11   'Cdbar'    3.314037    0.444764
   12   'Cdv'    4.272051    0.335318
   13   'Cg'    8.731363    0.474934
   14   'Cubar'    6.532252    1.072679
   15   'Cuv'    4.874318    0.072839
   16   'DbarToS'    1.000000    0.000000
   17   'Dg'   -3.000000    1.414213
   18   'Dubar'   -0.509980    0.959673
   19   'Duv'    0.000000    0.000000
   20   'Euv'    8.856910    1.010167
   21   'ZERO'    0.000000    0.000000
   22   'fs'    0.400000    0.000000
